	  Orbit     Sun Mercury   Venus   Earth    Mars Jupiter  Saturn  Uranus Neptune Ejected
bigearth2 4221 147 32 1398 3671 14 1 1 0 0 515
bigearth3 4226 158 35 1351 3715 29 4 0 0 0 482
bigearth4 1972 74 11 628 2070 11 2 0 0 0 232
bigearth5 1952 59 20 647 2073 8 4 0 0 0 237
bigearth6 574 16 3 188 652 2 0 1 0 0 64
bigearth7 564 21 3 203 646 1 1 0 0 0 61
bigearth8 587 16 5 196 637 3 1 0 0 0 55
bigearth9 1150 57 15 349 1241 5 1 0 0 0 182
bigearth10 1109 48 24 362 1265 3 4 1 0 0 184
bigearth11 1129 63 11 391 1231 3 0 0 0 0 172
bigmars1 7586 151 4 164 293 1420 2 0 0 0 380
bigmars2 7633 124 2 189 286 1388 5 0 0 0 373
bigmars4 3805 30 2 68 114 854 2 0 0 0 125
bigmars5 3757 39 0 63 124 878 2 0 0 0 137
bigmars6 1155 18 0 21 28 218 0 0 0 0 60
bigmars7 1092 18 0 19 47 247 0 0 0 0 77
bigmars8 1119 18 1 22 34 242 5 0 0 0 59
bigmars9 1403 41 0 28 38 371 0 0 0 0 119
bigmars10 1426 25 3 21 40 383 0 0 0 0 102
bigmars11 1408 44 0 22 44 361 0 0 0 0 121
Percentages:
bigearth2 42.2100 1.47000 0.320000 13.9800 36.7100 0.140000 0.0100000 0.0100000 0.00000 0.00000 5.15000
bigearth3 42.2600 1.58000 0.350000 13.5100 37.1500 0.290000 0.0400000 0.00000 0.00000 0.00000 4.82000
bigearth4 39.4400 1.48000 0.220000 12.5600 41.4000 0.220000 0.0400000 0.00000 0.00000 0.00000 4.64000
bigearth5 39.0400 1.18000 0.400000 12.9400 41.4600 0.160000 0.0800000 0.00000 0.00000 0.00000 4.74000
bigearth6 38.2667 1.06667 0.200000 12.5333 43.4667 0.133333 0.00000 0.0666667 0.00000 0.00000 4.26667
bigearth7 37.6000 1.40000 0.200000 13.5333 43.0667 0.0666667 0.0666667 0.00000 0.00000 0.00000 4.06667
bigearth8 39.1333 1.06667 0.333333 13.0667 42.4667 0.200000 0.0666667 0.00000 0.00000 0.00000 3.66667
bigearth9 38.3333 1.90000 0.500000 11.6333 41.3667 0.166667 0.0333333 0.00000 0.00000 0.00000 6.06667
bigearth10 36.9667 1.60000 0.800000 12.0667 42.1667 0.100000 0.133333 0.0333333 0.00000 0.00000 6.13333
bigearth11 37.6333 2.10000 0.366667 13.0333 41.0333 0.100000 0.00000 0.00000 0.00000 0.00000 5.73333
bigmars1 75.8600 1.51000 0.0400000 1.64000 2.93000 14.2000 0.0200000 0.00000 0.00000 0.00000 3.80000
bigmars2 76.3300 1.24000 0.0200000 1.89000 2.86000 13.8800 0.0500000 0.00000 0.00000 0.00000 3.73000
bigmars4 76.1000 0.600000 0.0400000 1.36000 2.28000 17.0800 0.0400000 0.00000 0.00000 0.00000 2.50000
bigmars5 75.1400 0.780000 0.00000 1.26000 2.48000 17.5600 0.0400000 0.00000 0.00000 0.00000 2.74000
bigmars6 77.0000 1.20000 0.00000 1.40000 1.86667 14.5333 0.00000 0.00000 0.00000 0.00000 4.00000
bigmars7 72.8000 1.20000 0.00000 1.26667 3.13333 16.4667 0.00000 0.00000 0.00000 0.00000 5.13333
bigmars8 74.6000 1.20000 0.0666667 1.46667 2.26667 16.1333 0.333333 0.00000 0.00000 0.00000 3.93333
bigmars9 70.1500 2.05000 0.00000 1.40000 1.90000 18.5500 0.00000 0.00000 0.00000 0.00000 5.95000
bigmars10 71.3000 1.25000 0.150000 1.05000 2.00000 19.1500 0.00000 0.00000 0.00000 0.00000 5.10000
bigmars11 70.4000 2.20000 0.00000 1.10000 2.20000 18.0500 0.00000 0.00000 0.00000 0.00000 6.05000
Totals:
  Orbit        17484        30384       40.1931       75.0222
    Sun          659          508       1.51494       1.25432
Mercury          159           12      0.365517     0.0296296
  Venus         5713          617       13.1333       1.52346
  Earth        17201         1048       39.5425       2.58765
   Mars           79         6362      0.181609       15.7086
Jupiter           18           16     0.0413793     0.0395062
 Saturn            3            0    0.00689655       0.00000
 Uranus            0            0       0.00000       0.00000
Neptune            0            0       0.00000       0.00000
Ejected         2184         1553       5.02069       3.83457
